4.0
4.85714285714
5.63636363636
5.63636363636
4.92307692308
4.93333333333
4.93333333333
4.0
4.85714285714
5.63636363636
5.63636363636
4.92307692308
4.93333333333
4.93333333333
4.0
4.85714285714
5.63636363636
5.63636363636
4.92307692308
4.93333333333
4.93333333333
4.0
4.85714285714
5.63636363636
5.63636363636
4.92307692308
4.93333333333
4.93333333333
4.0
4.85714285714
5.63636363636
5.63636363636
4.92307692308
4.93333333333
4.93333333333
4.0
4.85714285714
5.63636363636
5.63636363636
4.92307692308
4.93333333333
4.93333333333
4.93333333333
4.52631578947
4.52631578947
4.19047619048
3.91304347826
4.0
4.85714285714
5.63636363636
5.63636363636
4.92307692308
4.93333333333
4.93333333333
4.93333333333
4.52631578947
4.52631578947
4.19047619048
3.91304347826
4.0
4.85714285714
5.63636363636
5.63636363636
4.92307692308
4.93333333333
4.93333333333
4.93333333333
4.52631578947
4.52631578947
4.19047619048
3.91304347826
4.0
4.85714285714
5.63636363636
5.63636363636
4.92307692308
4.93333333333
4.93333333333
4.93333333333
4.52631578947
4.52631578947
4.19047619048
3.91304347826
3.91304347826
3.91304347826
3.91304347826
4.0
4.85714285714
5.63636363636
5.63636363636
4.92307692308
4.93333333333
4.93333333333
4.93333333333
4.52631578947
4.52631578947
4.19047619048
3.91304347826
3.91304347826
3.91304347826
3.91304347826
4.0
4.85714285714
5.63636363636
5.63636363636
4.92307692308
4.93333333333
4.93333333333
4.93333333333
4.52631578947
4.52631578947
4.19047619048
3.91304347826
3.91304347826
3.91304347826
3.91304347826
4.0
4.85714285714
5.63636363636
5.63636363636
4.92307692308
4.93333333333
4.93333333333
4.93333333333
4.52631578947
4.52631578947
4.19047619048
3.91304347826
3.91304347826
3.91304347826
3.91304347826
4.0
4.85714285714
5.63636363636
5.63636363636
4.92307692308
4.93333333333
4.93333333333
4.93333333333
4.52631578947
4.52631578947
4.19047619048
3.91304347826
3.91304347826
3.91304347826
3.91304347826
3.91304347826
3.91304347826
3.91304347826
3.91304347826
4.0
4.85714285714
5.63636363636
5.63636363636
4.92307692308
4.93333333333
4.93333333333
4.93333333333
4.52631578947
4.52631578947
4.19047619048
3.91304347826
3.91304347826
3.91304347826
3.91304347826
3.91304347826
3.91304347826
3.91304347826
3.91304347826
4.0
4.85714285714
5.63636363636
5.63636363636
4.92307692308
4.93333333333
4.93333333333
4.93333333333
4.52631578947
4.52631578947
4.19047619048
3.91304347826
3.91304347826
3.91304347826
3.91304347826
3.91304347826
3.91304347826
3.91304347826
3.91304347826
4.0
4.85714285714
5.63636363636
5.63636363636
4.92307692308
4.93333333333
4.93333333333
4.93333333333
4.52631578947
4.52631578947
4.19047619048
3.91304347826
3.91304347826
3.91304347826
3.91304347826
3.91304347826
3.91304347826
3.91304347826
3.91304347826
4.0
4.85714285714
5.63636363636
5.63636363636
4.92307692308
4.93333333333
4.93333333333
4.93333333333
4.52631578947
4.52631578947
4.19047619048
3.91304347826
3.91304347826
3.91304347826
3.91304347826
3.91304347826
3.91304347826
3.91304347826
3.91304347826
3.6
3.68
3.68
3.68
4.0
4.85714285714
5.63636363636
5.63636363636
4.92307692308
4.93333333333
4.93333333333
4.0
4.85714285714
5.63636363636
5.63636363636
4.92307692308
4.93333333333
4.93333333333
4.0
4.85714285714
5.63636363636
5.63636363636
4.92307692308
4.93333333333
4.93333333333
4.0
4.85714285714
5.63636363636
5.63636363636
4.92307692308
4.93333333333
4.93333333333
4.0
4.85714285714
5.63636363636
5.63636363636
4.92307692308
4.93333333333
4.93333333333
4.0
4.85714285714
5.63636363636
5.63636363636
4.92307692308
4.93333333333
4.93333333333
4.93333333333
4.52631578947
4.52631578947
4.19047619048
3.91304347826
4.0
4.85714285714
5.63636363636
5.63636363636
4.92307692308
4.93333333333
4.93333333333
4.93333333333
4.52631578947
4.52631578947
4.19047619048
3.91304347826
4.0
4.85714285714
5.63636363636
5.63636363636
4.92307692308
4.93333333333
4.93333333333
4.93333333333
4.52631578947
4.52631578947
4.19047619048
3.91304347826
4.0
4.85714285714
5.63636363636
5.63636363636
4.92307692308
4.93333333333
4.93333333333
4.93333333333
4.52631578947
4.52631578947
4.19047619048
3.91304347826
4.0
4.85714285714
5.63636363636
5.63636363636
4.92307692308
4.93333333333
4.93333333333
4.0
4.85714285714
5.63636363636
5.63636363636
4.92307692308
4.93333333333
4.93333333333
4.0
4.85714285714
5.63636363636
5.63636363636
4.92307692308
4.93333333333
4.93333333333
4.0
4.85714285714
5.63636363636
5.63636363636
4.92307692308
4.93333333333
4.93333333333
4.0
4.85714285714
5.63636363636
5.63636363636
4.92307692308
4.93333333333
4.93333333333
4.0
4.85714285714
5.63636363636
5.63636363636
4.92307692308
4.93333333333
4.93333333333
4.93333333333
4.52631578947
4.52631578947
4.19047619048
3.91304347826
4.0
4.85714285714
5.63636363636
5.63636363636
4.92307692308
4.93333333333
4.93333333333
4.93333333333
4.52631578947
4.52631578947
4.19047619048
3.91304347826
4.0
4.85714285714
5.63636363636
5.63636363636
4.92307692308
4.93333333333
4.93333333333
4.93333333333
4.52631578947
4.52631578947
4.19047619048
3.91304347826
4.0
4.85714285714
5.63636363636
5.63636363636
4.92307692308
4.93333333333
4.93333333333
4.93333333333
4.52631578947
4.52631578947
4.19047619048
3.91304347826
4.0
4.85714285714
5.63636363636
5.63636363636
4.92307692308
4.93333333333
4.93333333333
4.0
4.85714285714
5.63636363636
5.63636363636
4.92307692308
4.93333333333
4.93333333333
4.0
4.85714285714
5.63636363636
5.63636363636
4.92307692308
4.93333333333
4.93333333333
4.0
4.85714285714
5.63636363636
5.63636363636
4.92307692308
4.93333333333
4.93333333333
4.0
4.85714285714
5.63636363636
5.63636363636
4.92307692308
4.93333333333
4.93333333333
4.0
4.85714285714
5.63636363636
5.63636363636
4.92307692308
4.93333333333
4.93333333333
4.93333333333
4.52631578947
4.52631578947
4.19047619048
3.91304347826
4.0
4.85714285714
5.63636363636
5.63636363636
4.92307692308
4.93333333333
4.93333333333
4.93333333333
4.52631578947
4.52631578947
4.19047619048
3.91304347826
4.0
4.85714285714
5.63636363636
5.63636363636
4.92307692308
4.93333333333
4.93333333333
4.93333333333
4.52631578947
4.52631578947
4.19047619048
3.91304347826
4.0
4.85714285714
5.63636363636
5.63636363636
4.92307692308
4.93333333333
4.93333333333
4.0
4.85714285714
5.63636363636
5.63636363636
4.92307692308
4.93333333333
4.93333333333
4.0
4.85714285714
5.63636363636
5.63636363636
4.92307692308
4.93333333333
4.93333333333
